uenex Texwuee s. senmunee. 171

&Pet 1,11 p. 90 1,10. 1116 111111 16011111 p. 91
‘Met 1,11 61 Apoc. 1, 116 110 »17 1111
1,10. 1,0 155 11, 1,10 170 11,11 118

3, 1 115 11, 1 1110 e 18 107

1. seeundum Breuni versionem prolem:

1181111. 3,1 133 10. 16,11.13 11 1.(ῙΟΓ.11,11
1, 3-5 96 11,11.10·13 18 11116 1,16
ι 15 36 e 11.10 16 ι 11
ι 11-13 110 1101. 1,18 139 3, 3
10,11 119 8,11·11 159 5,11 .
11, 6 155 13, 1 Ε. 111 ι 1913
e 15 65 15,18 61 Eph. 1, 8.9
11,31 119 16, 1 61 1,11·13
16,18 16 19,18 155 ι ι
11, 10 109 . 1,16 11 ι 11·11
18,11 10 e 19 130 Ρ1111. 1,11.11 116
e ι 91 e 1910 68 ι 13 115
19,11 113 3,10.18 111 1,111181.5,11.13 118
15,19 118 n 111 108 · ι 19 61
16, 8.9 139 9,11.13 ' 95 1,11111. 1,19. 10 119
. 3,11 38 10,15 38 3,15 10
9, 39 10 ι 11 15 1, 1-3 198
16,Ιὸ 56 11, 6 116 6,11-11 193
(11.9) 55 13, 5 101 »11 180
. 16,16 118 15, 5.6 18 111111. 1,10 95
19,13 38 1.(101. 1,10 19 eme 39
11,19 181 e 1311 155 3, 15 39
e ι 106 1,111 10 111. 3, 1.5 111
111 3, 9 E. 131 11061. 5, 1 38
e e 115 1, 8 193 11, 6 113
ι e 116 131-31 101 1110. 1, 56 191
10. 6,15 51 11,15 111 e 11 191
ι61 11 13, 1 110 [Pel. 1, 15 111
11,11 16 e 11 113 ι 16 101
11, 6.16. e 13 115 ι 19 103
{127- 16 11301. 3, 5 115 6, 1.1 113
16, 1 166 1, 3.1 11 11101. Ι, 59 113
'Vulgata⁸ 11, 31 15 1,10. 10.11 150

1. verbotenus quidem, et nee iexte valgeem nee eeeundun Eueni
venienem eieetume

01111111 93 ιο. 11113 155 ¹.Tin1.2‚5

emo na . . :ee emmane

13, 13 meone. 131 15110. enee·

11,0 11 5,5 . 00 “ Hebe. 5,1

10. mete mor. me 72 ¹er

ιτ ee ecoe. 3, 15 111 me. eea-es

111 1111011. 1,10 mmo. 16

ees! eelepn. meae. 'epea 117
111 esses ³2 nee

1. eeneu mgie quem verbotenus edduetum:

ἶ 101.. ³ 13 ι elane. 5,11.1·2 1,16 maun. 117 en
ee ¹57 ‚ee ³2 e ιοι
e 229 ,ιτ 111, 7 eo

 

