373 11111111111111 s. 1111111111.

11111111. 7, 11 p. 190 Luc. 33 1111111. 1.Οο1.13 p. 1111
8, 1 338 ι 339 ι

»cmo ³⁸ 11111 131 ¹⁰⁰
1111111 11 »32 11
»mo 11 . 11 111

113
1 317
13,1·10 1111
131 138 10. 1 171 ι 38 13
ι 10 31 1, 6 37 13 101
13 93 3 199 u 135
1 96 3 113 13, 3 110
13,113 158 9 339 11 1115
15 100 13, 6 338 11, lsq. 61
16,19 100 13 138 Mor. 3 101
n 11 103 11,36 116 ι 136
11 ι 186 16 116 ι 135
. . 1111 18 1111 111
1 18 65 30 339
18 137 30,31 339
356 31 , 136

71 339
1 ι 100 ι 139
n » 103 ”
19 199
333

30 91
191

33 91
109

11

31 91
133

19

35 93
1 96
118

’ 118

36 100

1
38
30

’1311 111161. ,
15 131
17 11, 6 106
173 11117 {02
. 30 lac. 2 115
1311 3211 118
v 11111 1111111111.
232 18 11
161 3, 15 11
2¹2 1111111 205 ,

1

 

