070 mom vanuum s. scnwrum.

B. 00000138011111110011
1. mundum vulgatum urbemn· nimum:
116111». 3,0 [1,1-211 Ιο. 1,0 11130 11106138 p. 130

5,8 {50 018 {os ..
»20 91 13511. »ιο

n » 101 5050 161 11,33
Ι1110 03 ι 11 106 ι 10

a, a 133 »51 167 15,10
10, 10 007 6,71 37 » 00 .
a) 16 056 8, 7 105 Mor. 3, 0. 3.6 ”
» 00 01 ι 36 103 ι 1.5 .
11,11 118 11, 6 17 » 6
» 01 157 » 01 65 11,Ιο
10, 05 50 15, 5 101
q » 30 1111 » 16 38
13, 11 30 10, 30 000 ,
16, 01 033 00, 30 73 . ,
18,17 010 01, 05 73
10,11 103 Act. 1,3 71
» 01 030 n 18 0311
00, 01 007 0,10 161
03, 03 130 1,31. 35 000
» » 008 5,00 100
ι 00 110 17, 03 130
01,13 055 10, 56 150
05,11 38 Rom. 1,1 116
0613 55 6, 0 000 ’. ,
n 00 160 8, 0 50 ι
» 30 033 » 13 100
08, 10. 00 56 10, 10 101
» 00 16 »ι 17 15
1,Ιὸ 55 ι ι 1011 ι .
3,13 38 11, 1 * 00 . . ,
8,35 55 n 33 136 . ’ . ,
11,0’2 191 ι 31 117
11,01 101 10,16 18
11, 15 036 13,10 60
ι 17 150 » a 113
16,15 55 11, 1 66
» 16 151 [Cor. 1,-13 15 ,
1,5Ι 053 »31 131 . “ .
3, 8 157 0,11.15 30 ’. , «
(1,311 030 3, 11-15 118 » 105
0, 03 033 7, 03 031 . ι, 16
007 0, 7-11 008 , 177
31 10,11 176 , 176 ¹
00 ι» 01 010 , 161
030 ι» 00 138 » 013
. 030 11, 16 67 ι. , 113
000 n » 166 , 100
133 »10 055 5,11.15 160
116 » 31 60 »1 16 155
10, 7 66 [Pet. 0, 0 170
»08 61 »13,11 173
13, 1 00 Ἐτωωιιεὴίοηοωίηαωτ.

 

