1. INDEX
1111111111 1151111 1111111111

ΙΝ ΟΟΝΡΗΤΑΤΙΟΝΕ 0171703011.

(Continet illos textus tantum, qui in margine operis 1101111 sunt)

1. 11111 1111111111

1. verbaliter allegatum 1111111111 vulgatum:

Gen. 1,7 11133 01. 13,5 p. 111 111111. 1, 1 ρ. 68
17,90-99 996 91,10 158 319191 938

Ex. 19, 56 170 11, 9 61 Esa. 11, 9 57
90, 3 111 59, 6 191 35, 8 118

111. 91, 7,11. 73,93 119 38,18 119
1311 901 81, 9 61 16, 8 133

Num. 93,19 61 100, 1 158 5113 57
191111 95, 9 157 113, 1 131 Hier. 7, 1 75
11118. 7, 3 190 ι 17 119 11,11 37
16, 7 109 111, 9 119 93,91 37
3111111918 90 11101. 3, 9 938 97,15 37
lob 90, 5 31 16, 11 938 31,31-31 57
31,30 105 16,1 190 Ez. 13, 3.6 37

111. 1, 1 139 99, 98 53 18,30 133
1, 7 08 95, 97 136 31,10 900

u a 130 Eccl. 7,11 85 1199 901

7,10 107 9,1 195 loe! 9,19 133

, a 19 158 Sap. 7, 95 150 zach. 1, 3 190
13,·1 117 8,91 191 9.111111.19,13-16 917

11. 111 verbotenus 1111111111

199 Num. 97,18 19 91. 50
93 35, 93 997 Prov. 99, 98
36 [11111. 17,9 30 9111, 5,3
175 ι 19 100 Cant. 1;6
11 95 998 6
, 30 los. 91,39 997 “ Sap. 7, 95
19 11111113 176 fisa. 6,10
19 91, 15 901 10
58 3111991 938 99
58 1. 11111.13,91 110 11111. 9
176 91111. 96 176 Dan. 5
181 91. 1 171 8;19
178 17,19 117 1111. 9,7
119 19 171

 

